camera_rate: 30.0
camera_range: 6.0

cam_width:  640
cam_height: 480
cam_fx:     554.254691191187
cam_fy:     554.254691191187
cam_cx:     320.5
cam_cy:     240.5

# cam_fx: 642.1307983398438
# cam_fy: 642.1307983398438
# cam_cx: 638.9584960937500
# cam_cy: 361.8721923828125

depth_scaling_factor: 1000.0
cam2body_R: [0.0, 0.0, 1.0,
             -1.0, 0.0, 0.0,
             0.0, -1.0, 0.0]
cam2body_p: [0.0, 0.0, 0.0]
